0.3004521656354117   -150964.0
0.2948893384102808   -174373.0
0.3083204426463589   -145741.0
0.31245537839124227   -138712.0
0.310149928605426   -138469.0
0.3148946930033317   -132094.0
0.31180092812946214   -135478.0
0.30931699190861495   -135628.0
0.30870716325559255   -134191.0
0.30400702046644457   -137761.0
0.3013148500713946   -136840.0
0.2975815088053308   -142231.0
0.29114112327463115   -135841.0
0.2895347453593527   -141304.0
0.28379343169919086   -139825.0
0.28336208948119945   -143287.0
0.279405640171347   -146902.0
0.27817110899571634   -148726.0
0.2749881009043313   -147655.0
0.2747203712517849   -145519.0
